-9.176795739355937
-4.707860473090038
-4.770684624465665
-9
-5.464723468036092
-9
-4.496247778763904
-9
-4.696103870732162
-9
-9
-9
-9.462980292515075
-9.099834698219809
-4.853814385713118
-9
-9
-5.292637202416819
-9
-4.771374498522028
-7.70933457799437
-9
-4.382919093456901
-7.70933457799437
-5.0369526024136295
-5.043425116919247
-9
-9
-4.942534881392324
-5.327423932033504
-9
-9
-5.043425116919247
-9
-5.698102310524984
-4.741403621008419
-9
-9
-5.656031096604297
-7.640341706507418
-5.325922805907237
-9
-9
-4.824898978937733
-4.599991966958591
-9
-9
-5.0369526024136295
-4.666339768825709
-9
-5.327423932033504
-9
-4.927253685157205
-4.622215103743301
-4.784821514226167
-3.3141860046725258
-9
-5.29587868455886
-4.876744968878181
-4.416428061391214
-7.640341706507418
-5.7118685062891315
-9
-9.139055411373091
-5.3061201786110574
-4.637960008811082
-7.640341706507418
-4.8203920323270495
-4.736170863329048
-10.106020149946213
-4.496247778763904
-4.631487494305465
-5.648568375402707
-4.668200216985124
-7.70933457799437
-4.79336335993913
-5.6787593476818525
-7.640341706507418
-5.723820839812973
-4.745600801072886
-4.942534881392324
-4.343805421853684
-4.807862791785165
-3.9448128282511368
-4.6840917142841585
-5.697469695811941
-5.045036720813588
-5.735917761521801
-9.059012703699555
-5.332718793265369
-5.334459136929524
-4.636401509107894
-4.53706977328416
-5.045036720813588
-7.9391588179567965
-4.853814385713118
-9.139055411373091
-7.640341706507418
-5.352266781246839
-4.7052086377250815
-9.462980292515075
-4.343805421853684
-4.927253685157205
-5.0760662740168465
-4.716402318803001
-5.0369526024136295
-9.071202769443483
-8.501189221212506
-5.352805551832106
-8.435582500412629
-4.670601165908682
-10.106020149946213
-8.473177311889781
-9.648595302907339
-9.188925164571314
-4.741403621008419
-5.045036720813588
-5.698436813875715
-4.927253685157205
-8.411743071744091
-5.333451072328029
-5.292637202416819
-5.043425116919247
-8.444848820810673
-7.70933457799437
-5.727836909467863
-4.711324864742517
-7.590852123688581
-8.065816046082153
-8.481854726317318
-9.09770702474292
-4.882801922586371
-8.36872516645344
-5.230216953844105
-4.668200216985124
-5.282918952947898
-3.6506582412937387
-4.350277936359301
-7.640341706507418
-4.631487494305465
-4.79336335993913
-3.9383403137455195
-4.559528905031887
-8.47937660634529
-9.139055411373091
-8.126440667898587
-4.745649607283592
-8.502337570366137
-4.579629387702956
-8.365200040722517
-4.927253685157205
-5.0369526024136295
-5.342052187837121
-4.842230435289372
-7.640341706507418
-8.339937916659004
-4.670601165908682
-9.496881844190757
-5.285260824188348
-9.099834698219809
-5.682598123989019
-4.732861775295456
-8.490582475459433
-4.6840917142841585
-8.356383262514349
-4.633514658997234
-7.640341706507418
-4.839629750721162
-5.710115778739862
-9.229199063709254
-4.350277936359301
-8.512528324684675
-8.42841447768767
-4.767046051621756
-4.670601165908682
-7.70933457799437
-4.821893169499378
-5.762640831662555
-8.428734573681357
-4.350277936359301
-5.0760662740168465
-5.336983753266662
-4.128745988939433
-4.927253685157205
-4.708262075211971
-9.059012703699555
-8.184960133910096
-8.509099760824892
-5.323924803244564
-5.043425116919247
-4.921196731449014
-5.2736682312733825
-8.338030475842343
-5.252162026052419
-8.462792418425346
-5.340021730286739
-8.39583096903816
-8.514104320860595
-8.434900540522829
-4.848171596434125
-9.491299898667137
-5.284855061974764
-7.5662337343536965
-5.290685982285558
-3.6506582412937387
-7.640341706507418
-4.683469019965879
-5.2887385620011615
-4.53706977328416
-4.720282993088596
-9.139055411373091
-4.824751845735941
-4.729901250315453
-4.343805421853684
-8.45106902008269
-8.42069615668917
-4.343805421853684
-8.411743071744091
-8.439142045932206
-8.4774395438357
-4.862356231426081
-8.559419314018827
-4.350277936359301
-9.427888972703805
-3.245193133185574
-7.640341706507418
-9.10604035109921
-8.131765580784192
-4.821893169499378
-4.648897466162365
